1.053020238876342773e+00
1.094522833824157715e+00
1.113113999366760254e+00
1.108624219894409180e+00
1.094038367271423340e+00
1.085208654403686523e+00
1.071315646171569824e+00
1.048671364784240723e+00
1.029354214668273926e+00
1.073483586311340332e+00
9.920242428779602051e-01
1.014938831329345703e+00
1.031063199043273926e+00
1.045709013938903809e+00
1.056298017501831055e+00
1.056558489799499512e+00
1.043585300445556641e+00
1.025313973426818848e+00
1.047759294509887695e+00
1.054388284683227539e+00
1.049554347991943359e+00
1.060620069503784180e+00
1.052477598190307617e+00
1.066130161285400391e+00
1.029396176338195801e+00
1.109769940376281738e+00
1.049134969711303711e+00
1.133060693740844727e+00
1.129961967468261719e+00
1.058865308761596680e+00
1.079834938049316406e+00
1.052926301956176758e+00
1.051201105117797852e+00
1.042159438133239746e+00
1.055394649505615234e+00
1.043737888336181641e+00
1.044188499450683594e+00
1.043161273002624512e+00
1.048056721687316895e+00
1.049528598785400391e+00
1.045177817344665527e+00
1.025984168052673340e+00
1.054035902023315430e+00
1.065051317214965820e+00
1.062701463699340820e+00
1.091979026794433594e+00
1.075906515121459961e+00
1.081092000007629395e+00
1.050700664520263672e+00
1.102534413337707520e+00
1.094208598136901855e+00
1.070750355720520020e+00
1.072056531906127930e+00
1.065306782722473145e+00
1.075294733047485352e+00
1.041304349899291992e+00
1.034983396530151367e+00
1.018253684043884277e+00
1.017461657524108887e+00
1.075996756553649902e+00
1.029800653457641602e+00
1.030205965042114258e+00
1.031175851821899414e+00
1.032212853431701660e+00
1.075779080390930176e+00
1.019323110580444336e+00
1.056949615478515625e+00
1.073028564453125000e+00
1.086264610290527344e+00
1.082871675491333008e+00
1.090697169303894043e+00
1.099520444869995117e+00
1.061291098594665527e+00
1.068390607833862305e+00
1.124357581138610840e+00
1.059820771217346191e+00
1.084751486778259277e+00
1.061217665672302246e+00
1.045188903808593750e+00
1.084754467010498047e+00
1.034489512443542480e+00
1.013404726982116699e+00
1.013006448745727539e+00
1.019212365150451660e+00
1.084195017814636230e+00
1.027101278305053711e+00
1.021456837654113770e+00
1.028891205787658691e+00
1.029026031494140625e+00
1.084565401077270508e+00
1.049247026443481445e+00
1.066012978553771973e+00
1.081893920898437500e+00
1.093896269798278809e+00
1.087906837463378906e+00
1.077620863914489746e+00
1.065141201019287109e+00
1.078798651695251465e+00
1.078922152519226074e+00
1.117394804954528809e+00
1.028408408164978027e+00
1.084837555885314941e+00
1.052742719650268555e+00
1.032328724861145020e+00
1.086931109428405762e+00
1.022173762321472168e+00
1.024438619613647461e+00
1.032044410705566406e+00
1.043457627296447754e+00
1.084509611129760742e+00
1.038848757743835449e+00
1.038812756538391113e+00
1.039355039596557617e+00
1.016148805618286133e+00
1.086320161819458008e+00
1.056240916252136230e+00
1.069777488708496094e+00
1.082049131393432617e+00
1.074454307556152344e+00
1.087558746337890625e+00
1.060886144638061523e+00
1.070667028427124023e+00
1.072395205497741699e+00
1.064497828483581543e+00
1.112207293510437012e+00
1.090855360031127930e+00
1.082942485809326172e+00
1.006382465362548828e+00
1.021194100379943848e+00
1.081086158752441406e+00
1.016964077949523926e+00
1.027667164802551270e+00
1.041529536247253418e+00
1.040726065635681152e+00
1.072691202163696289e+00
1.050764918327331543e+00
1.044137120246887207e+00
1.023454308509826660e+00
1.057404398918151855e+00
1.076232910156250000e+00
1.085551738739013672e+00
1.093430399894714355e+00
1.062827706336975098e+00
1.076978683471679688e+00
1.065097212791442871e+00
1.056306004524230957e+00
1.053877949714660645e+00
1.056791424751281738e+00
1.059391140937805176e+00
1.086247801780700684e+00
1.082304239273071289e+00
1.055063247680664062e+00
1.054598808288574219e+00
1.046337962150573730e+00
1.053467631340026855e+00
1.036584019660949707e+00
1.042081356048583984e+00
1.056615114212036133e+00
1.058614015579223633e+00
1.046395659446716309e+00
1.053354024887084961e+00
1.042165040969848633e+00
1.071206569671630859e+00
1.075644850730895996e+00
1.052293300628662109e+00
1.084848999977111816e+00
1.065096974372863770e+00
1.072429776191711426e+00
1.070939421653747559e+00
1.051031231880187988e+00
1.071967005729675293e+00
1.073556661605834961e+00
1.072984576225280762e+00
1.074422955513000488e+00
1.084509134292602539e+00
1.076687216758728027e+00
1.062765836715698242e+00
1.032831311225891113e+00
1.023322701454162598e+00
1.059479594230651855e+00
1.025157451629638672e+00
1.015469312667846680e+00
1.010943889617919922e+00
1.013448476791381836e+00
1.053568959236145020e+00
1.007698059082031250e+00
1.053471803665161133e+00
1.075054526329040527e+00
1.095790863037109375e+00
1.056722998619079590e+00
1.097260594367980957e+00
1.095204830169677734e+00
1.080364584922790527e+00
1.086987614631652832e+00
1.049356222152709961e+00
1.085418343544006348e+00
1.079538345336914062e+00
1.079293251037597656e+00
1.056864023208618164e+00
1.065309405326843262e+00
1.060455679893493652e+00
1.043957352638244629e+00
1.033025503158569336e+00
1.041779756546020508e+00
1.041786551475524902e+00
1.046947836875915527e+00
1.049083471298217773e+00
1.048819899559020996e+00
1.044772267341613770e+00
1.042652845382690430e+00
1.044743061065673828e+00
1.063140749931335449e+00
1.081846714019775391e+00
1.096415519714355469e+00
1.048015832901000977e+00
1.077947258949279785e+00
1.063364267349243164e+00
1.072839617729187012e+00
1.075964689254760742e+00
1.047112822532653809e+00
1.071908950805664062e+00
1.070135593414306641e+00
1.058603048324584961e+00
1.041045904159545898e+00
1.074399352073669434e+00
1.084945917129516602e+00
1.054835200309753418e+00
1.028329133987426758e+00
1.034656286239624023e+00
1.053933262825012207e+00
1.028375148773193359e+00
1.030306339263916016e+00
1.027653336524963379e+00
1.012166738510131836e+00
1.053757905960083008e+00
1.056489229202270508e+00
1.070116996765136719e+00
1.087567090988159180e+00
1.075983405113220215e+00
1.053779721260070801e+00
1.073172688484191895e+00
1.079547286033630371e+00
1.076660037040710449e+00
1.072138071060180664e+00
1.034346222877502441e+00
1.060650467872619629e+00
1.046786427497863770e+00
1.015026092529296875e+00
1.016287446022033691e+00
1.031420946121215820e+00
1.113295197486877441e+00
1.053075909614562988e+00
1.134418725967407227e+00
1.130758404731750488e+00
1.060967206954956055e+00
1.082860350608825684e+00
1.056802749633789062e+00
1.055105209350585938e+00
1.048171043395996094e+00
1.063151121139526367e+00
1.051295518875122070e+00
1.050116896629333496e+00
1.049279928207397461e+00
1.054462909698486328e+00
1.053134441375732422e+00
1.048764824867248535e+00
1.029314637184143066e+00
1.057572603225708008e+00
1.068784952163696289e+00
1.066414356231689453e+00
1.098070144653320312e+00
1.081097841262817383e+00
1.086183905601501465e+00
1.058022856712341309e+00
1.073418378829956055e+00
1.152478933334350586e+00
1.038431167602539062e+00
1.012952685356140137e+00
1.017077088356018066e+00
1.036654829978942871e+00
1.025676250457763672e+00
1.007588505744934082e+00
1.033783674240112305e+00
1.042165279388427734e+00
1.045815348625183105e+00
1.073399066925048828e+00
1.069182872772216797e+00
1.095198631286621094e+00
1.087385773658752441e+00
1.046966791152954102e+00
1.091916441917419434e+00
1.087496519088745117e+00
1.083813190460205078e+00
1.084084033966064453e+00
1.040098786354064941e+00
1.018726944923400879e+00
1.036821842193603516e+00
1.037865877151489258e+00
1.047640800476074219e+00
1.077742338180541992e+00
1.098946332931518555e+00
1.038020133972167969e+00
1.061715841293334961e+00
1.068131208419799805e+00
1.038595438003540039e+00
1.036173105239868164e+00
1.057041168212890625e+00
1.067974209785461426e+00
1.075103759765625000e+00
1.040923476219177246e+00
1.060104250907897949e+00
1.077475905418395996e+00
1.071712613105773926e+00
1.065057992935180664e+00
1.035648703575134277e+00
1.062664747238159180e+00
1.065209507942199707e+00
1.071917414665222168e+00
1.066053390502929688e+00
1.035156011581420898e+00
1.058767080307006836e+00
1.060274362564086914e+00
1.055062413215637207e+00
1.052353501319885254e+00
1.068316459655761719e+00
1.060743093490600586e+00
1.031203150749206543e+00
1.069624423980712891e+00
1.066398978233337402e+00
1.033469080924987793e+00
1.072599411010742188e+00
1.074826598167419434e+00
1.081121563911437988e+00
1.094561219215393066e+00
1.044849514961242676e+00
1.088081598281860352e+00
1.068297982215881348e+00
1.072821497917175293e+00
1.072990298271179199e+00
1.047597527503967285e+00
1.067251920700073242e+00
1.065977334976196289e+00
1.045899629592895508e+00
1.019171476364135742e+00
1.058810353279113770e+00
1.024874091148376465e+00
1.016482234001159668e+00
1.017282485961914062e+00
1.029308795928955078e+00
1.094875097274780273e+00
1.082832574844360352e+00
1.056597352027893066e+00
1.023673892021179199e+00
1.010728597640991211e+00
1.057231664657592773e+00
1.064693927764892578e+00
1.077919840812683105e+00
1.094225406646728516e+00
1.079062104225158691e+00
1.054954528808593750e+00
1.079352617263793945e+00
1.088197350502014160e+00
1.097469568252563477e+00
1.097670674324035645e+00
1.051758527755737305e+00
1.084360361099243164e+00
1.058076500892639160e+00
1.025374174118041992e+00
1.032603621482849121e+00
1.052995204925537109e+00
1.021459579467773438e+00
1.028144001960754395e+00
1.037366986274719238e+00
1.032683730125427246e+00
1.087801694869995117e+00
1.081994891166687012e+00
1.053557753562927246e+00
1.017264485359191895e+00
1.047616720199584961e+00
1.056725382804870605e+00
1.074042439460754395e+00
1.087356090545654297e+00
1.075822830200195312e+00
1.077876687049865723e+00
1.058222532272338867e+00
1.091392159461975098e+00
1.093251466751098633e+00
1.096522212028503418e+00
1.096101999282836914e+00
1.063789367675781250e+00
1.065000891685485840e+00
1.035756826400756836e+00
1.034089326858520508e+00
1.022144556045532227e+00
1.065023660659790039e+00
1.005254030227661133e+00
1.009309053421020508e+00
9.964417815208435059e-01
9.953275322914123535e-01
1.100445508956909180e+00
1.092836618423461914e+00
1.066748738288879395e+00
1.041000008583068848e+00
1.061159849166870117e+00
1.070485472679138184e+00
1.089353442192077637e+00
1.079528212547302246e+00
1.088388919830322266e+00
1.079429388046264648e+00
1.068648695945739746e+00
1.092667222023010254e+00
1.091122746467590332e+00
1.089687943458557129e+00
1.088848352432250977e+00
1.071487307548522949e+00
1.038021564483642578e+00
1.033684730529785156e+00
1.016623020172119141e+00
1.007676362991333008e+00
1.071848511695861816e+00
1.013228893280029297e+00
1.002914547920227051e+00
9.973145723342895508e-01
9.983874559402465820e-01
1.108447909355163574e+00
1.106468200683593750e+00
1.071791768074035645e+00
1.061589241027832031e+00
1.072482943534851074e+00
1.070541501045227051e+00
1.074698209762573242e+00
1.080837845802307129e+00
1.080418229103088379e+00
1.093348979949951172e+00
1.066127300262451172e+00
1.095478415489196777e+00
1.091548800468444824e+00
1.091004729270935059e+00
1.069992065429687500e+00
1.066980242729187012e+00
1.037083745002746582e+00
1.026178598403930664e+00
1.015545964241027832e+00
1.011706829071044922e+00
1.067938685417175293e+00
1.005929350852966309e+00
1.003933668136596680e+00
1.002133011817932129e+00
1.006803989410400391e+00
1.106100201606750488e+00
1.135869145393371582e+00
1.068483352661132812e+00
1.049630165100097656e+00
1.063513517379760742e+00
1.067543745040893555e+00
1.086773395538330078e+00
1.074936032295227051e+00
1.086143493652343750e+00
1.084604382514953613e+00
1.057366967201232910e+00
1.075534582138061523e+00
1.071986198425292969e+00
1.064612150192260742e+00
1.026664733886718750e+00
1.057004332542419434e+00
1.037962555885314941e+00
1.033796668052673340e+00
1.039742588996887207e+00
1.046686410903930664e+00
1.056900382041931152e+00
1.048330307006835938e+00
1.049477815628051758e+00
1.045628070831298828e+00
1.019314527511596680e+00
1.097403407096862793e+00
1.091701269149780273e+00
1.059347152709960938e+00
1.064688444137573242e+00
1.047016143798828125e+00
1.055855154991149902e+00
1.073073625564575195e+00
1.075268983840942383e+00
1.072222113609313965e+00
1.072077512741088867e+00
1.049645781517028809e+00
1.069937348365783691e+00
1.065835356712341309e+00
1.023724198341369629e+00
1.056592106819152832e+00
1.047577500343322754e+00
1.051476836204528809e+00
1.049118518829345703e+00
1.046183347702026367e+00
1.055877923965454102e+00
1.040630221366882324e+00
1.058862805366516113e+00
1.055061101913452148e+00
1.025207638740539551e+00
1.050672531127929688e+00
1.122437596321105957e+00
1.112164378166198730e+00
1.087955713272094727e+00
1.087673783302307129e+00
1.078978657722473145e+00
1.088039636611938477e+00
1.049818396568298340e+00
1.041042208671569824e+00
1.021600127220153809e+00
1.018669724464416504e+00
1.077135205268859863e+00
1.028138637542724609e+00
1.029002785682678223e+00
1.030814886093139648e+00
1.032919526100158691e+00
1.074713826179504395e+00
1.018246054649353027e+00
1.054832577705383301e+00
1.069359183311462402e+00
1.082395911216735840e+00
1.077615618705749512e+00
1.082968473434448242e+00
1.090658307075500488e+00
1.053535938262939453e+00
1.063927650451660156e+00
1.092005610466003418e+00
1.087901949882507324e+00
1.054436683654785156e+00
1.047397494316101074e+00
1.048510193824768066e+00
1.056159973144531250e+00
1.069135189056396484e+00
1.069378733634948730e+00
1.072442293167114258e+00
1.072599768638610840e+00
1.073794484138488770e+00
1.028273582458496094e+00
1.035966396331787109e+00
1.029646873474121094e+00
1.020882368087768555e+00
1.079300045967102051e+00
1.028503537178039551e+00
1.016756176948547363e+00
1.011289596557617188e+00
1.007544517517089844e+00
1.077605485916137695e+00
1.000056624412536621e+00
1.040760517120361328e+00
1.062528014183044434e+00
1.073264598846435547e+00
1.119624853134155273e+00
1.081486225128173828e+00
1.076623439788818359e+00
1.081134080886840820e+00
1.086669206619262695e+00
1.074324607849121094e+00
1.088252663612365723e+00
1.082310199737548828e+00
1.077619910240173340e+00
1.066487669944763184e+00
1.070997118949890137e+00
1.034575462341308594e+00
1.022005438804626465e+00
1.015365719795227051e+00
1.013814926147460938e+00
1.070873022079467773e+00
1.016134619712829590e+00
1.017901420593261719e+00
1.018332839012145996e+00
1.023124337196350098e+00
1.068987011909484863e+00
1.046748161315917969e+00
1.064083576202392578e+00
1.075013995170593262e+00
1.086178660392761230e+00
1.109598398208618164e+00
1.042322039604187012e+00
1.064930558204650879e+00
1.097205042839050293e+00
1.096951484680175781e+00
1.060607194900512695e+00
1.086165070533752441e+00
1.082809090614318848e+00
1.065507531166076660e+00
1.044577360153198242e+00
1.062076568603515625e+00
1.032638669013977051e+00
1.033377528190612793e+00
1.035373210906982422e+00
1.041601657867431641e+00
1.056349873542785645e+00
1.028542637825012207e+00
1.028033018112182617e+00
1.027954220771789551e+00
1.012674450874328613e+00
1.058571696281433105e+00
1.062263488769531250e+00
1.076640605926513672e+00
1.091324210166931152e+00
1.079005122184753418e+00
1.097705125808715820e+00
1.050178170204162598e+00
1.061749577522277832e+00
1.105784535408020020e+00
1.102181792259216309e+00
1.062426328659057617e+00
1.090884208679199219e+00
1.069887995719909668e+00
1.035921812057495117e+00
1.042495012283325195e+00
1.066336750984191895e+00
1.023666262626647949e+00
1.023913025856018066e+00
1.033269524574279785e+00
1.023904323577880859e+00
1.063432812690734863e+00
1.030475616455078125e+00
1.033991336822509766e+00
1.017415761947631836e+00
1.040799975395202637e+00
1.069200277328491211e+00
1.061899185180664062e+00
1.072670578956604004e+00
1.070692181587219238e+00
1.099182248115539551e+00
1.101209282875061035e+00
1.053997397422790527e+00
1.063583016395568848e+00
1.088429689407348633e+00
1.089472174644470215e+00
1.062817692756652832e+00
1.071983456611633301e+00
1.028626084327697754e+00
1.058880805969238281e+00
1.042997479438781738e+00
1.063466429710388184e+00
1.040695548057556152e+00
1.044045209884643555e+00
1.032208085060119629e+00
1.035098552703857422e+00
1.063465476036071777e+00
1.031379342079162598e+00
1.011089086532592773e+00
1.043159842491149902e+00
1.064822673797607422e+00
1.066195487976074219e+00
1.077524542808532715e+00
1.065287113189697266e+00
1.082051873207092285e+00
1.089818000793457031e+00
1.095053791999816895e+00
1.032925128936767578e+00
1.059832692146301270e+00
1.090700626373291016e+00
1.088370561599731445e+00
1.060128688812255859e+00
1.041550517082214355e+00
1.074933767318725586e+00
1.052601575851440430e+00
1.047327756881713867e+00
1.061669230461120605e+00
1.031044363975524902e+00
1.038701057434082031e+00
1.034757733345031738e+00
1.027232885360717773e+00
1.057906985282897949e+00
1.007171034812927246e+00
1.042843341827392578e+00
1.054998159408569336e+00
1.059731960296630859e+00
1.063627958297729492e+00
1.063900589942932129e+00
1.068508148193359375e+00
1.102088212966918945e+00
1.100221037864685059e+00
1.095288991928100586e+00
1.093775629997253418e+00
1.065018653869628906e+00
1.096593260765075684e+00
1.065971970558166504e+00
1.066377639770507812e+00
1.039160966873168945e+00
1.030077457427978516e+00
1.022158861160278320e+00
1.021379709243774414e+00
1.062248110771179199e+00
1.016375541687011719e+00
1.011520266532897949e+00
1.008252859115600586e+00
1.006962180137634277e+00
1.063407301902770996e+00
1.040109992027282715e+00
1.072004079818725586e+00
1.092014074325561523e+00
1.109372973442077637e+00
1.068944454193115234e+00
1.112797737121582031e+00
1.077070713043212891e+00
1.089576601982116699e+00
1.091696023941040039e+00
1.104933023452758789e+00
1.113431811332702637e+00
1.074107527732849121e+00
1.070167899131774902e+00
1.034534931182861328e+00
1.079992413520812988e+00
1.019478321075439453e+00
1.007367491722106934e+00
1.006613731384277344e+00
1.013892889022827148e+00
1.085962414741516113e+00
1.000872373580932617e+00
9.985131621360778809e-01
1.001399755477905273e+00
9.946570992469787598e-01
1.089850306510925293e+00
1.067436456680297852e+00
1.081478476524353027e+00
1.098836898803710938e+00
1.086684942245483398e+00
1.091149806976318359e+00
1.060517787933349609e+00
1.078419446945190430e+00
1.083180308341979980e+00
1.075625896453857422e+00
1.127236485481262207e+00
1.110036492347717285e+00
1.091910004615783691e+00
1.023134350776672363e+00
1.030621886253356934e+00
1.095912933349609375e+00
1.007061481475830078e+00
1.005463242530822754e+00
1.011202454566955566e+00
9.932113885879516602e-01
1.100368857383728027e+00
9.994393587112426758e-01
1.009113311767578125e+00
1.007605910301208496e+00
1.044688582420349121e+00
1.117378711700439453e+00
1.085852265357971191e+00
1.099087357521057129e+00
1.091996431350708008e+00
